43,33.83,46.17,40.75,46.71,43.83,41.83,43.67,38.57,36,37.4,33.4,35.33,40.67,33.14,40.75,31,30.83,31.83,30.8,36.33,35.4,38.75,30.33,31.6,35.43,33,31,33,32.2,33,33.67,36.6,35.86,33.6,32.67,35.57,41.6,37.75,
88.33,89.33,92.5,90.25,90.71,92,92.83,86.17,81,77.5,82,74.8,79.83,86.83,81.43,87.5,69.67,71.67,71.83,78.6,78.5,83.4,88.75,82,76,81.57,78.17,78.5,74.83,75.2,76.14,74.67,80.4,79.57,71.2,85.17,82.57,90.2,92,
0.17,0.5,0.67,0.75,0.86,2.17,0.83,2.33,1.29,3.25,2.2,2.6,1.67,4.5,5.14,10.25,5.33,5.83,2.17,2.2,8.17,3.4,4.5,3.83,4.4,2.57,5.5,5.5,7.17,7.6,4.71,7.5,6.4,8.71,9.2,8.17,13.43,13.2,9,
2.67,1.83,2.33,3.75,2.57,5.67,2.83,7,4.43,10.75,9.4,9.2,8.67,10.33,15,29.5,17,14.17,10,10.8,19.33,11.8,14.75,13.83,17.8,10.71,19.33,18.75,20.67,23,15.29,21.67,21,21.43,23.2,27.83,36,34.6,30.5,
'2003','2004','2005','2006','2007','2008','2009','2010','2011','2012','2013','2014','2015','2016','2017','2018','2019','2020',
14.4,15.7,15.66,16.9,18.2,18.16,18.09,18.2,18.31,19.78,21.36,22.36,24.21,26.54,28.52,32.34,33.67,33.84,
15
,15.3
,15.7
,16.7
,17.6
,17.9
,18.15
,17.96
,18.23
,19.56
,21.32
,22.78
,24.08
,26.21
,28.24
,32.1
,33.89
,33.87
,
15,15.3,15.7,16.7,17.6,17.9,18.15,17.96,18.23,19.56,21.32,22.78,24.08,26.21,28.24,32.1,33.89,33.87,
37.57,38.42,38.45,38.03,38.32,38.35,38.02,37.96,37.45,38.21,38.24,38.04,38.16,38.36,38.34,38.23,38.25,39.1,
30.2,31.24,31.22,31.45,31.65,32.43,31.39,31.65,31.47,31.75,31.85,31.67,31.73,31.76,32.86,32.64,32.76,32.8,
